622
6916
6917
6930
6967
6987
9003
2462
2464
2467
2470
2512
2513
2518
2525
2558
2567
6297
6298
6299
6300
6301
6302
6303
6304
6305
6306
6307
6308
6309
6310
6311
6312
6313
6314
6317
6318
6319
6321
6322
6323
6325
6326
6327
6328
6329
6331
6333
6335
6336
6337
6338
6340
6341
6342
6345
6346
6347
6350
6351
6352
6353
6354
6356
6357
6358
6360
6361
6362
6363
6364
6365
6366
6367
6368
6369
6370
6372
6373
6375
6376
6377
6378
6380
6381
6382
6383
6384
6385
6386
6387
6388
6389
6390
6391
6392
6393
6394
6396
6397
6398
6399
6400
6401
6402
6403
6404
6405
6406
6407
6408
6409
6410
6412
6414
6415
6417
6418
6419
6420
6421
6422
6423
6424
6426
6427
6428
6431
6432
6433
6435
6436
6437
6438
6439
6440
6441
6442
6443
6444
6445
6447
6448
6449
6450
6451
6452
6453
6454
6455
6456
6457
6458
6459
6460
6462
6464
6465
6466
6467
6468
6471
6472
6473
6474
6475
6476
6477
6478
6479
6480
6483
6484
6486
6487
6488
6489
6490
6491
6492
6493
6494
6496
6497
6498
6499
6500
6501
6503
6504
6505
6507
6509
6510
6511
6512
6513
6515
6517
6518
6519
6520
6522
6523
6524
6525
6526
6527
6528
6529
6530
6531
6532
6533
6535
6536
6537
6538
6539
6540
6541
6542
6543
6544
6545
6546
6547
6548
6550
6551
6554
6555
6556
6557
6558
6559
6560
6561
6562
6563
6564
6565
6566
6567
6568
6569
6570
6571
6572
6573
6575
6576
6577
6579
6581
6582
6584
6586
6587
6588
6589
6590
6591
6592
6593
6594
6595
6596
6597
6598
6599
6600
6601
6604
6605
6606
6607
6609
6610
6611
6612
6615
6616
6617
6618
6619
6620
6621
6623
6624
6625
6626
6627
6628
6630
6631
6632
6633
6634
6636
6638
6639
6640
6641
6642
6643
6645
6646
6647
6648
6649
6650
6651
6652
6654
6659
6661
6662
6663
6664
6665
6667
6668
7172
7218
7227
7325
7409
7438